platformId,postUrl
2918017947629310399_25054053985,https://www.instagram.com/p/Ch-4dzwqNG_/
2918002039834803329_291201413,https://www.instagram.com/p/Ch-02UeN_yB/
2918000606849403507_5426444658,https://www.instagram.com/p/Ch-0hd5ogpz/
2917997447415609257_2058422755,https://www.instagram.com/p/Ch-zzfctDep/
2917990046246634436_39441794943,https://www.instagram.com/p/Ch-yHykqAPE/
2917969241551432419_1773857444,https://www.instagram.com/p/Ch-tZCsMGrj/
2917969113985861631_45815825665,https://www.instagram.com/p/Ch-tXL4sEf_/
2917965722438302276_33895642003,https://www.instagram.com/p/Ch-sl1Qs3pE/
2917964744090595858_6961054756,https://www.instagram.com/p/Ch-sXmGojIS/
2917962101990455463_188267230,https://www.instagram.com/p/Ch-rxJdMXin/
2917961808489900133_7123806986,https://www.instagram.com/p/Ch-rs4HMmhl/
2917960135214447205_1691469415,https://www.instagram.com/p/Ch-rUhwNTpl/
2917959431695400638_2167444136,https://www.instagram.com/p/Ch-rKSjNH6-/
2917956671532753564_45360738574,https://www.instagram.com/tv/Ch-qiH8sOKc/
2917956268485481585_4674484621,https://www.instagram.com/p/Ch-qcQlM5Rx/
2917944494554117706_1649785234,https://www.instagram.com/p/Ch-nw7QNHZK/
2917943578375456242_45074607454,https://www.instagram.com/p/Ch-njl_s4Xy/
2917942989906373261_16561198532,https://www.instagram.com/p/Ch-nbB8NeqN/
2917942186989910196_1383314512,https://www.instagram.com/p/Ch-nPWKqPi0/
2917940831189975793_6055563298,https://www.instagram.com/p/Ch-m7ner8Lx/
2917939689559343075_8189399269,https://www.instagram.com/p/Ch-mrAQMr_j/
2917931483688399382_2137360994,https://www.instagram.com/p/Ch-kzl8LPIW/
2917927805099052235_226407332,https://www.instagram.com/p/Ch-j-D_KgzL/
2917927419634593556_2756959911,https://www.instagram.com/p/Ch-j4c_sS8U/
2917925216559409831_3403858990,https://www.instagram.com/p/Ch-jYZOLaqn/
2917924934526575010_176083388,https://www.instagram.com/p/Ch-jUSjtiGi/
2917921685417198754_1921636437,https://www.instagram.com/p/Ch-ilAls4Si/
2917920369252510932_53207325843,https://www.instagram.com/p/Ch-iR20LCzU/
2917917482713738374_48254595552,https://www.instagram.com/p/Ch-hn2hDeyG/
2917916488472744206_5401340322,https://www.instagram.com/p/Ch-hZYjrFEO/
2917916422426571597_4427343458,https://www.instagram.com/p/Ch-hYbDA7NN/
2917915377896776890_16561198532,https://www.instagram.com/p/Ch-hJOQL-S6/
2917915029013731133_2251446164,https://www.instagram.com/p/Ch-hEJVIxc9/
2917803201161054466_7825756132,https://www.instagram.com/p/Ch-Ho1hs8kC/
2917802723807462174_2257424154,https://www.instagram.com/p/Ch-Hh49NgMe/
2917802064421001698_3629246830,https://www.instagram.com/p/Ch-HYS2txni/
2917801905188080566_5737103462,https://www.instagram.com/p/Ch-HV-jsYu2/
2917801168852422359_457800960,https://www.instagram.com/p/Ch-HLQyqw7X/
2917799945046988156_11599195095,https://www.instagram.com/p/Ch-G5dCLhV8/
2917799661738889903_51659851350,https://www.instagram.com/p/Ch-G1VLs5Kv/
2917798923313724157_869636433,https://www.instagram.com/p/Ch-GqleIbr9/
2917798695790898985_7637349558,https://www.instagram.com/p/Ch-GnRktu8p/
2917798680271843695_12283543380,https://www.instagram.com/p/Ch-GnDHtPFv/
2917798401431391913_5196863042,https://www.instagram.com/p/Ch-Gi_bhU6p/
2917797942761007064_5348454090,https://www.instagram.com/p/Ch-GcUQoqfY/
2917797119076279872_3428122,https://www.instagram.com/p/Ch-GQVJMyZA/
2917796623183778594_10454315446,https://www.instagram.com/p/Ch-GJHTtBMi/
2917796623183778594_10454315446,https://www.instagram.com/p/Ch-GJHTtBMi/
2917796487883964718_1831234675,https://www.instagram.com/p/Ch-GHJTNMEu/
2917796018907207597_51659851350,https://www.instagram.com/tv/Ch-GAUiA1et/
2917796168418080402_48254595552,https://www.instagram.com/p/Ch-GCfxjjaS/
2917796101353240477_7233337702,https://www.instagram.com/p/Ch-GBhULfed/
2917795760557353921_28916769854,https://www.instagram.com/p/Ch-F8j7KWvB/
2917795676587833134_51659851350,https://www.instagram.com/p/Ch-F7VuMDcu/
2917795656681780155_52357616429,https://www.instagram.com/p/Ch-F7DLsfO7/
2917794476697830088_1462423993,https://www.instagram.com/p/Ch-Fp4PK8LI/
2917792753208770237_48760762173,https://www.instagram.com/tv/Ch-FQzHN769/
2917793591422228002_511462216,https://www.instagram.com/tv/Ch-Fc_wohYi/
2917793345199736429_443735615,https://www.instagram.com/p/Ch-FZacoQZt/
2917792945206804833_6202468443,https://www.instagram.com/p/Ch-FTl7MUFh/
2917792921534528144_1275108972,https://www.instagram.com/p/Ch-FTP4NvqQ/
2917792884876228300_5979000044,https://www.instagram.com/p/Ch-FStvNbbM/
2917792682182100919_3625604151,https://www.instagram.com/p/Ch-FPw9sse3/
2917790192465986066_7854424057,https://www.instagram.com/tv/Ch-EriPDcIS/
2917791426583811030_255836746,https://www.instagram.com/p/Ch-E9fmNVPW/
2917790790432373232_5658806102,https://www.instagram.com/p/Ch-E0PIoLnw/
2917790724306185747_29684674574,https://www.instagram.com/p/Ch-EzRjMy4T/
2917790655939068098_1830958060,https://www.instagram.com/p/Ch-EyR4M8DC/
2917790441559696879_1403147306,https://www.instagram.com/p/Ch-EvKOMiXv/
2917790203272690135_6233410221,https://www.instagram.com/p/Ch-ErsTLvnX/
2917789898983908341_8022075669,https://www.instagram.com/p/Ch-EnQ6KKP1/
2917789038145588721_8159293265,https://www.instagram.com/p/Ch-EavMMk3x/
2917788536549077045_4646139004,https://www.instagram.com/p/Ch-ETcCtvA1/
2917788851784459323_46138534850,https://www.instagram.com/p/Ch-EYBoNSQ7/
2917788737389106088_51816353525,https://www.instagram.com/p/Ch-EWXFtpOo/
2917787818844078692_5326797660,https://www.instagram.com/p/Ch-EI_oKcJk/
2917787008687275281_5878562557,https://www.instagram.com/p/Ch-D9NHDf0R/
2917786727981979699_1691469415,https://www.instagram.com/p/Ch-D5Hrtxgz/
2917785277415395439_8720216241,https://www.instagram.com/p/Ch-DkAvNZBv/
2917784740099712064_4111582477,https://www.instagram.com/p/Ch-DcMUsuRA/
2917783607528801877_16561198532,https://www.instagram.com/p/Ch-DLtiNkZV/
2917782228441732487_18403390001,https://www.instagram.com/p/Ch-C3pKN5WH/
2917781057861485337_4674484621,https://www.instagram.com/p/Ch-Cmm-MoMZ/
2917780841283781525_185280859,https://www.instagram.com/p/Ch-CjdRKQOV/
2917780710480862796_6752459436,https://www.instagram.com/p/Ch-Chjcst5M/
2917779921328560093_5335649369,https://www.instagram.com/p/Ch-CWEfjlfd/
2917779534725023606_7921543907,https://www.instagram.com/tv/Ch-CQccMId2/
2917778884732866841_3017751151,https://www.instagram.com/p/Ch-CG_Fo1EZ/
2917777931938994142_6004441260,https://www.instagram.com/p/Ch-B5Huspfe/
2917777853572448673_47189563531,https://www.instagram.com/p/Ch-B3-vsAGh/
2917777804088410080_29341958105,https://www.instagram.com/p/Ch-B3QqNX_g/
2917777353988468707_1598914394,https://www.instagram.com/p/Ch-BwteKW_j/
2917777107489555688_7770450048,https://www.instagram.com/p/Ch-BtH5roTo/
2917776792756508758_7100044033,https://www.instagram.com/p/Ch-BoiyIVhW/
2917776559820327460_2163857637,https://www.instagram.com/p/Ch-BlJ2DUok/
2917776064055032571_10454315446,https://www.instagram.com/tv/Ch-Bd8IIzr7/
2917775203586138637_7974013465,https://www.instagram.com/p/Ch-BRawMeIN/
2917774511291479025_6853127565,https://www.instagram.com/p/Ch-BHWAN7Px/
2917774332184763896_2215111795,https://www.instagram.com/p/Ch-BEvMoB34/
2917774251906337939_6233410221,https://www.instagram.com/p/Ch-BDkbqIyT/
2917773827317230557_36487783982,https://www.instagram.com/p/Ch-A9ZALOvd/
2917773159716253536_2093258654,https://www.instagram.com/p/Ch-AzrQDm9g/
2917770308075334362_9364040346,https://www.instagram.com/tv/Ch-AKLdAyra/
2917770985634946236_840069268,https://www.instagram.com/p/Ch-AUCetly8/
2917767400089689884_54700881875,https://www.instagram.com/p/Ch9_f3Lj58c/
2917766751375926190_50851090385,https://www.instagram.com/p/Ch9_WbBNSOu/
2917766053837233412_7057492620,https://www.instagram.com/p/Ch9_MRYqV0E/
2917765796559124539_7032378941,https://www.instagram.com/p/Ch9_IhxsPg7/
2917765824534081030_30646496062,https://www.instagram.com/p/Ch9_I71IO4G/
2917765277538287552_4350803575,https://www.instagram.com/p/Ch9_A-Zo3_A/
2917765204877225669_8720216241,https://www.instagram.com/p/Ch9-_6us67F/
2917764960684678884_1824609200,https://www.instagram.com/p/Ch9-8XTsR7k/
2917764755826847074_3271344981,https://www.instagram.com/p/Ch9-5YhNq1i/
2917764698574261404_8601093557,https://www.instagram.com/p/Ch9-4jMsYyc/
2917764515090588329_5490160543,https://www.instagram.com/p/Ch9-14UNuKp/
2917763409789485927_229492979,https://www.instagram.com/p/Ch9-ly7IoNn/
2917763211768461049_5388945545,https://www.instagram.com/p/Ch9-i6gKXb5/
2917762818469787965_7057808919,https://www.instagram.com/p/Ch9-dMNu_k9/
2917762816002937334_9277194578,https://www.instagram.com/p/Ch9-dJ6stH2/
2917762823410032947_8209465484,https://www.instagram.com/p/Ch9-dQ0MiEz/
2917762695223889246_1275108972,https://www.instagram.com/p/Ch9-bZbtM1e/
2917762369829568354_328970278,https://www.instagram.com/p/Ch9-WqYsX9i/
2917762327542837235_16561198532,https://www.instagram.com/p/Ch9-WDANS_z/
2917762283283257797_1383314512,https://www.instagram.com/p/Ch9-VZyIZnF/
2917761033767055094_32349908749,https://www.instagram.com/p/Ch9-DOFKW72/
2917758165107139177_32287484569,https://www.instagram.com/p/Ch99ZebtOJp/
2917757818489676445_6031440780,https://www.instagram.com/p/Ch99UbnsiKd/
2917756727206133599_15733413589,https://www.instagram.com/p/Ch99EjSIL9f/
2917756566305658978_577386288,https://www.instagram.com/p/Ch99CNbtlhi/
2917756413666241733_174194247,https://www.instagram.com/p/Ch98__RsazF/
2917754391121496429_1221578449,https://www.instagram.com/p/Ch98ijooglt/
2917753915706878928_1977725305,https://www.instagram.com/p/Ch98bo3tqvQ/
2917753111876885385_1476841010,https://www.instagram.com/p/Ch98P8PtluJ/
2917749346228034253_7050998027,https://www.instagram.com/tv/Ch97ZJNjNrN/
2917737492103446418_9144673,https://www.instagram.com/tv/Ch94spMqj-S/
2917751835189310623_5678718283,https://www.instagram.com/p/Ch979XPM_Sf/
2917751522218764202_2137360994,https://www.instagram.com/p/Ch974zwtGeq/
2917751499628323370_216987328,https://www.instagram.com/p/Ch974euNaIq/
2917750864116370567_11120544757,https://www.instagram.com/p/Ch97vO2vsyH/
2917749969923837749_2248794958,https://www.instagram.com/p/Ch97iOEt481/
2917748757106924316_4175112014,https://www.instagram.com/p/Ch97QkjMhsc/
2917748507025950580_18835678131,https://www.instagram.com/p/Ch97M7pNUd0/
2917747330724689467_6258227949,https://www.instagram.com/p/Ch9670IMHY7/
2917747274504423478_6437097563,https://www.instagram.com/p/Ch966_xM0g2/
2917745358939995550_8007133357,https://www.instagram.com/p/Ch96fHwqb2e/
2917745222558588081_4349062937,https://www.instagram.com/p/Ch96dIvspyx/
2917742936761129144_8221677970,https://www.instagram.com/tv/Ch95737jVi4/
2917743794162640202_1498010841,https://www.instagram.com/p/Ch96IWcqiVK/
2917743712349086875_621799674,https://www.instagram.com/p/Ch96HKQMmSb/
2917743107664596882_6144511913,https://www.instagram.com/p/Ch95-XGMU-S/
2917743068145363633_48032640531,https://www.instagram.com/p/Ch959ySqaqx/
2917742900205954748_9146810789,https://www.instagram.com/p/Ch957V4saa8/
2917742364786540613_3909948534,https://www.instagram.com/p/Ch95zjPNcBF/
2917741004749619226_1403690856,https://www.instagram.com/p/Ch95fwmsUAa/
2917740110893366746_10454315446,https://www.instagram.com/p/Ch95SwItT3a/
2917740092027502195_7032378941,https://www.instagram.com/p/Ch95SekNv5z/
2917739752506138295_255119665,https://www.instagram.com/p/Ch95NiXKh63/
2917739644151323870_15679111269,https://www.instagram.com/p/Ch95L9cttze/
2917736222998819159_1916739728,https://www.instagram.com/tv/Ch94aLQInFX/
2917736422387710280_4214498539,https://www.instagram.com/p/Ch94dE8o3lI/
2917736104644852304_279997031,https://www.instagram.com/p/Ch94YdBsDpQ/
2917735635302226272_8159293265,https://www.instagram.com/p/Ch94Rn6sBlg/
2917735154853471839_6853127565,https://www.instagram.com/p/Ch94KodteZf/
2917734713931259228_203814050,https://www.instagram.com/p/Ch94EN0st1c/
2917734075901097084_325836895,https://www.instagram.com/p/Ch9367nIzR8/
2917733630574909478_1738299577,https://www.instagram.com/p/Ch930c3oNgm/
2917733459280633065_8230499285,https://www.instagram.com/p/Ch93x9VsZzp/
2917732404874754907_344987949,https://www.instagram.com/p/Ch93inWNLtb/
2917732321332701329_1275108972,https://www.instagram.com/p/Ch93hZitiiR/
2917732206383442863_2233746539,https://www.instagram.com/p/Ch93fufM6uv/
2917730983642427274_1074611189,https://www.instagram.com/p/Ch93N7uKG-K/
2917730509535684325_4172609658,https://www.instagram.com/p/Ch93HCLMabl/
2917730449305006110_519535327,https://www.instagram.com/p/Ch93GKFKnAe/
2917729642707674873_11359461113,https://www.instagram.com/p/Ch926a4N-b5/
2917728996205556621_4145139352,https://www.instagram.com/p/Ch92xAxsHON/
2917727749204556626_19713557367,https://www.instagram.com/p/Ch92e3aoztS/
2917727436679907367_1672550064,https://www.instagram.com/p/Ch92aUWt4gn/
2917726746772890640_257728207,https://www.instagram.com/p/Ch92QR1DeQQ/
2917726313378005442_9188200533,https://www.instagram.com/p/Ch92J-MtMHC/
2917726300391205230_7848118393,https://www.instagram.com/p/Ch92JyGoelu/
2917725450601017155_7854424057,https://www.instagram.com/p/Ch919arMK9D/
2917723888340308873_1494235267,https://www.instagram.com/p/Ch91mrtMhOJ/
2917722483063464496_5512597062,https://www.instagram.com/tv/Ch91SO8KyIw/
2917722672495516555_201219458,https://www.instagram.com/tv/Ch91U_XMtuL/
2917722678082991286_7490007179,https://www.instagram.com/p/Ch91VEkPPS2/
2917722645794473794_1764567683,https://www.instagram.com/p/Ch91UmfsUdC/
2917722413723736789_9277194578,https://www.instagram.com/p/Ch91ROXMtrV/
2917722345623889199_4020419841,https://www.instagram.com/p/Ch91QO8IaUv/
2917722272450707365_3207275107,https://www.instagram.com/p/Ch91PKyq3-l/
2917720710333316757_6065138407,https://www.instagram.com/p/Ch904b9N76V/
2917720655705685917_5481059348,https://www.instagram.com/p/Ch903pFKD-d/
2917719997290582892_7001976381,https://www.instagram.com/p/Ch90uD4jxNs/
2917718994954385091_1383314512,https://www.instagram.com/p/Ch90feYqnbD/
2917718773410722856_2086492276,https://www.instagram.com/p/Ch90cQDonQo/
2917718273854066986_24411001316,https://www.instagram.com/tv/Ch90U-zvNEq/
2917718695371974517_3017751151,https://www.instagram.com/p/Ch90bHYKad1/
2917717914896674503_198808412,https://www.instagram.com/p/Ch90PwgNa7H/
2917717598000001005_3051114684,https://www.instagram.com/p/Ch90LJXsi_t/
2917717517108562285_9523822583,https://www.instagram.com/p/Ch90J-CMMlt/
2917716724091521461_186843290,https://www.instagram.com/p/Ch9z-besQm1/
2917716620961603733_12568225035,https://www.instagram.com/p/Ch9z87bq2CV/
2917715487871092694_5878562557,https://www.instagram.com/p/Ch9zscKNkfW/
2917714830413170327_36393788,https://www.instagram.com/p/Ch9zi32qoaX/
2917714381463676110_188918360,https://www.instagram.com/p/Ch9zcVvMOTO/
2917714361984941467_11578120103,https://www.instagram.com/p/Ch9zcDmKv2b/
2917713619926710815_498184662,https://www.instagram.com/p/Ch9zRQgDPof/
2917713540455832957_1514921302,https://www.instagram.com/p/Ch9zQGfN519/
2917712556178078381_5423634445,https://www.instagram.com/p/Ch9zBxzsPqt/
2917711562665305328_18835678131,https://www.instagram.com/p/Ch9yzUhtyTw/
2917711297533479982_2250637449,https://www.instagram.com/p/Ch9yvdmoIwu/
2917710805139992541_7825756132,https://www.instagram.com/p/Ch9yoTBsC_d/
2917710797808810657_46138534850,https://www.instagram.com/p/Ch9yoMMtzqh/
2917710142303587292_7001976381,https://www.instagram.com/p/Ch9yeptj0vc/
2917708855014101075_1936969839,https://www.instagram.com/p/Ch9yL61IJBT/
2917708286687146969_6952525950,https://www.instagram.com/p/Ch9yDpiM3PZ/
2917708225609744056_54977225372,https://www.instagram.com/p/Ch9yCwptD64/
2917633030813082024_8221677970,https://www.instagram.com/tv/Ch9g8iCj2Go/
2917705471067543272_35609979494,https://www.instagram.com/p/Ch9xarSMdbo/
2917705168985678374_6856666582,https://www.instagram.com/p/Ch9xWR8tmIm/
2917703847444395201_32349908749,https://www.instagram.com/p/Ch9xDDKtrTB/
2917703120613036465_7921543907,https://www.instagram.com/tv/Ch9w4eQMFGx/
2917703179065035860_17580040530,https://www.instagram.com/p/Ch9w5UsMwxU/
2917702257879002917_9277194578,https://www.instagram.com/p/Ch9wr6xO68l/
2917702257140681093_8209465484,https://www.instagram.com/p/Ch9wr6FOcmF/
2917702243164641403_7057808919,https://www.instagram.com/p/Ch9wrtEMFh7/
2917702191046702353_1275108972,https://www.instagram.com/p/Ch9wq8ht7UR/
2917701933977014894_13551443697,https://www.instagram.com/p/Ch9wnNHK5Ju/
2917701458813198131_9372476597,https://www.instagram.com/p/Ch9wgSlMx8z/
2917700855152168219_487607465,https://www.instagram.com/p/Ch9wXgYMs0b/
2917700235938918847_1522045047,https://www.instagram.com/p/Ch9wOfsNnG_/
2917700165457075571_8467587468,https://www.instagram.com/p/Ch9wNeDKt1z/
2917699680931683201_8720216241,https://www.instagram.com/p/Ch9wGazNBuB/
2917913876193299943_9277194578,https://www.instagram.com/p/Ch-gzXrr03n/
2917913864849831341_7057808919,https://www.instagram.com/p/Ch-gzNHj7Wt/
2917913854626128708_8209465484,https://www.instagram.com/p/Ch-gzDmLmNE/
2917913592440270918_9277194578,https://www.instagram.com/p/Ch-gvPar7BG/
2917911660113042042_7263755241,https://www.instagram.com/p/Ch-gTHzAhp6/
2917911641216359377_271476808,https://www.instagram.com/p/Ch-gS2MrZvR/
2917910835034774933_7263755241,https://www.instagram.com/p/Ch-gHHYgt2V/
2917910443675333698_7437470541,https://www.instagram.com/p/Ch-gBa5q7RC/
2917910193658619974_7263755241,https://www.instagram.com/p/Ch-f9yDg2hG/
2917909785119033185_519535327,https://www.instagram.com/p/Ch-f31kqAdh/
2917908168165070410_39450858517,https://www.instagram.com/p/Ch-fgTqsJZK/
2917907158545895874_195495495,https://www.instagram.com/p/Ch-fRnYspHC/
2917905714639571732_177677276,https://www.instagram.com/p/Ch-e8mpLIsU/
2917905238175650923_2981411205,https://www.instagram.com/p/Ch-e1q5thRr/
2917903218650935696_1598914394,https://www.instagram.com/p/Ch-eYSEqHGQ/
2917902233241499116_16561198532,https://www.instagram.com/p/Ch-eJ8VrbXs/
2917901980298986004_231886621,https://www.instagram.com/p/Ch-eGQxIUIU/
2917901101466985917_1462423993,https://www.instagram.com/p/Ch-d5eSqSW9/
2917900812980164901_245290882,https://www.instagram.com/p/Ch-d1RngZkl/
2917899171550864552_4073580253,https://www.instagram.com/p/Ch-ddY6siSo/
2917896221142850487_54300875089,https://www.instagram.com/p/Ch-cydIrJu3/
2917895388238549358_2981411205,https://www.instagram.com/p/Ch-cmVbtZFu/
2917894113446993742_2981411205,https://www.instagram.com/p/Ch-cTyMNh9O/
2917893292847393180_2074528084,https://www.instagram.com/p/Ch-cH18qemc/
2917892197488667447_283585351,https://www.instagram.com/p/Ch-b350Mis3/
2917892138197567251_1540742301,https://www.instagram.com/p/Ch-b3CmK8cT/
2917890430142852033_49802562,https://www.instagram.com/p/Ch-beL2LSvB/
2917890268595143828_48805087652,https://www.instagram.com/p/Ch-bb1ZLsSU/
2917890022372644903_3595450533,https://www.instagram.com/p/Ch-bYQFLZgn/
2917888853823031112_37025523,https://www.instagram.com/p/Ch-bHPyMYdI/
2917888748135049351_7100044033,https://www.instagram.com/p/Ch-bFtWsuiH/
2917886767768592170_1433844179,https://www.instagram.com/p/Ch-ao4_qN8q/
2917885761656647999_450884714,https://www.instagram.com/p/Ch-aaP-tvE_/
2917884339669630851_1508110945,https://www.instagram.com/p/Ch-aFjprv-D/
2917883585399477702_2995727527,https://www.instagram.com/p/Ch-Z6lLrdXG/
2917883247111413177_1275108972,https://www.instagram.com/tv/Ch-Z1qII525/
2917883377244885382_4212793295,https://www.instagram.com/p/Ch-Z3jUstGG/
2917883248622317044_4318770932,https://www.instagram.com/p/Ch-Z1riMi30/
2917882961874271760_1977725305,https://www.instagram.com/p/Ch-Zxgerj4Q/
2917878329332644372_1146537851,https://www.instagram.com/p/Ch-YuGFrroU/
2917877093078454512_1494235267,https://www.instagram.com/p/Ch-YcGvMNDw/
2917876615649374460_275652261,https://www.instagram.com/p/Ch-YVKGMzD8/
2917874969636674882_30646496062,https://www.instagram.com/p/Ch-X9NIMp1C/
2917874791705827015_4910565137,https://www.instagram.com/p/Ch-X6nasVbH/
2917874791705827015_4910565137,https://www.instagram.com/p/Ch-X6nasVbH/
2917872607219958763_47192509125,https://www.instagram.com/p/Ch-Xa09MEPr/
2917871964686248453_34573797571,https://www.instagram.com/p/Ch-XRejMeoF/
2917871481971958488_16561198532,https://www.instagram.com/p/Ch-XKc_LmLY/
2917871209082403420_15733413589,https://www.instagram.com/p/Ch-XGe1sjpc/
2917871145622469350_12434129016,https://www.instagram.com/p/Ch-XFjvMHrm/
2917869867417059816_5490160543,https://www.instagram.com/p/Ch-Wy9UNcHo/
2917868243298578535_1184562560,https://www.instagram.com/p/Ch-WbUvNHBn/
2917865846044063297_4232255469,https://www.instagram.com/p/Ch-V4cHs3ZB/
2917865787457910749_7974013465,https://www.instagram.com/p/Ch-V3ljsbfd/
2917865226855598995_4629144201,https://www.instagram.com/p/Ch-VvbdMUuT/
2917865106386905859_9523822583,https://www.instagram.com/p/Ch-VtrQsusD/
2917865012140802955_6752459436,https://www.instagram.com/p/Ch-VsTfMYOL/
2917864198051765454_3938880669,https://www.instagram.com/p/Ch-VgdTtJzO/
2917863367520916919_18835678131,https://www.instagram.com/p/Ch-VUX0NZW3/
2917861803497245775_5955100002,https://www.instagram.com/p/Ch-U9nNIkxP/
2917860582545010209_4317932906,https://www.instagram.com/p/Ch-Ur2Gta4h/
2917860428252874974_54660277479,https://www.instagram.com/p/Ch-UpmaLoje/
2917860338889141280_5963722137,https://www.instagram.com/p/Ch-UoTLsCwg/
2917859914131803018_17580040530,https://www.instagram.com/p/Ch-UiHmLYuK/
2917858272388876244_2107105476,https://www.instagram.com/p/Ch-UKOmrIfU/
2917857671521577789_6194246851,https://www.instagram.com/p/Ch-UBfAMSs9/
2917855654629556824_247754360,https://www.instagram.com/p/Ch-TkIoD0JY/
2917855074341454918_10723908604,https://www.instagram.com/p/Ch-TbsMMYRG/
2917853553965094168_8209465484,https://www.instagram.com/p/Ch-TFkOs1UY/
2917853544284235158_9277194578,https://www.instagram.com/p/Ch-TFbNrSWW/
2917853527104368516_7057808919,https://www.instagram.com/p/Ch-TFLNrS-E/
2917853471495661871_5817008428,https://www.instagram.com/p/Ch-TEXbI6kv/
2917853354744231556_1275108972,https://www.instagram.com/p/Ch-TCqsNjaE/
2917853167174660661_1818241009,https://www.instagram.com/p/Ch-S_8AMbI1/
2917853122974866700_45239925973,https://www.instagram.com/p/Ch-S_S1rl0M/
2917853115013970235_7854424057,https://www.instagram.com/p/Ch-S_LbLLk7/
2917853032839475375_8582153124,https://www.instagram.com/p/Ch-S9-5MXCv/
2917852976300477254_47309407086,https://www.instagram.com/p/Ch-S9KPNMtG/
2917852983053067498_198808412,https://www.instagram.com/p/Ch-S9QhsSTq/
2917852966158413268_4803959132,https://www.instagram.com/p/Ch-S9AysS3U/
2917852406417768277_7001976381,https://www.instagram.com/p/Ch-S03fjL9V/
2917851630155080724_48395604002,https://www.instagram.com/p/Ch-SpkisCQU/
2917851335580276218_2038166574,https://www.instagram.com/p/Ch-SlSMqVX6/
2917851224390168726_30591753164,https://www.instagram.com/p/Ch-SjqpNvCW/
2917850677394005357_1403147306,https://www.instagram.com/p/Ch-SbtNs91t/
2917847800518344712_48591652470,https://www.instagram.com/p/Ch-Rx16jQAI/
2917847707709183616_1483691991,https://www.instagram.com/p/Ch-RwfesZaA/
2917846292649381893_2093258654,https://www.instagram.com/p/Ch-Rb5mjpAF/
2917845900525958764_1663991339,https://www.instagram.com/p/Ch-RWMaLfZs/
2917845896423876124_5678718283,https://www.instagram.com/p/Ch-RWIlrSYc/
2917845699583134079_728531777,https://www.instagram.com/p/Ch-RTRRDcl_/
2917845178552275560_5465647437,https://www.instagram.com/p/Ch-RLsBMdJo/
2917845070153646922_12766861558,https://www.instagram.com/p/Ch-RKHEIgNK/
2917844741439043648_344987949,https://www.instagram.com/p/Ch-RFU7NzhA/
2917844084878768522_2044652999,https://www.instagram.com/p/Ch-Q7xdLHmK/
2917843150673319657_6697360034,https://www.instagram.com/p/Ch-QuLaMJbp/
2917841963441678185_345532547,https://www.instagram.com/p/Ch-Qc5tq2dp/
2917841622655120382_8654246719,https://www.instagram.com/p/Ch-QX8VNTP-/
2917840895295006158_5053698845,https://www.instagram.com/p/Ch-QNW7KqXO/
2917840411667203041_1074611189,https://www.instagram.com/p/Ch-QGUgtAPh/
2917839508616298461_386092208,https://www.instagram.com/p/Ch-P5LerL_d/
2917839400302399185_44443683213,https://www.instagram.com/p/Ch-P3mmqc7R/
2917837739718781323_519535327,https://www.instagram.com/p/Ch-PfcEKqmL/
2917836420006799666_6144511913,https://www.instagram.com/p/Ch-PMO_M-ky/
2917836129523472038_2184830379,https://www.instagram.com/p/Ch-PIAdDBam/
2917833997980896135_18835678131,https://www.instagram.com/p/Ch-Oo_TNYuH/
2917832496369651374_6858690677,https://www.instagram.com/p/Ch-OTI0NE6u/
2917831753407438190_19768471310,https://www.instagram.com/p/Ch-OIU4NJ1u/
2917830871786760061_12283543380,https://www.instagram.com/p/Ch-N7fzhKd9/
2917830446735819740_7057808919,https://www.instagram.com/p/Ch-N1T8ggPc/
2917830450957542424_8209465484,https://www.instagram.com/p/Ch-N1X4JGQY/
2917830423935603197_9277194578,https://www.instagram.com/p/Ch-N0-tglH9/
2917830398370411905_8720216241,https://www.instagram.com/p/Ch-N0m5tHWB/
2917829166058589248_21553783051,https://www.instagram.com/p/Ch-NirOMkxA/
2917827701919037422_5512597062,https://www.instagram.com/p/Ch-NNXorbfu/
2917826557503274679_6985006624,https://www.instagram.com/p/Ch-M8t0Lv63/
2917825164540933248_7021189467,https://www.instagram.com/tv/Ch-MochKHSA/
2917823966413779925_195753737,https://www.instagram.com/p/Ch-MXArNvPV/
2917823653250289148_32349908749,https://www.instagram.com/p/Ch-MSdBN038/
2917823171760534697_45208478819,https://www.instagram.com/p/Ch-MLcmMLSp/
2917823077716048749_50339340,https://www.instagram.com/p/Ch-MKFAs7tt/
2917822822081377192_51884525875,https://www.instagram.com/p/Ch-MGW7sDOo/
2917822524150526272_8344806458,https://www.instagram.com/p/Ch-MCBdoDFA/
2917821530764326161_5557713676,https://www.instagram.com/p/Ch-LzkTMbUR/
2917821318028598655_519535327,https://www.instagram.com/p/Ch-LweLKB1_/
2917819679490850393_188267230,https://www.instagram.com/p/Ch-LYoKsj5Z/
2917819350321797763_30646496062,https://www.instagram.com/p/Ch-LT1msRqD/
2917819336504810362_2207302837,https://www.instagram.com/p/Ch-LTovIpt6/
2917818619917757886_17596769419,https://www.instagram.com/p/Ch-LJNXN-2-/
2917818438849255386_257065297,https://www.instagram.com/p/Ch-LGkusdfa/
2917818126994542597_5902125468,https://www.instagram.com/p/Ch-LCCStJAF/
2917818075915593493_5519631901,https://www.instagram.com/p/Ch-LBSuKacV/
2917817718544919293_9174006597,https://www.instagram.com/p/Ch-K8F5Ner9/
2917817025033061468_1403690856,https://www.instagram.com/p/Ch-KyAArsRc/
2917816945283071231_6437097563,https://www.instagram.com/p/Ch-Kw1vNnz_/
2917815522867417959_1168940455,https://www.instagram.com/p/Ch-KcJAohNn/
2917815348536524027_4175112014,https://www.instagram.com/p/Ch-KZmps7z7/
2917814190462739860_26676546488,https://www.instagram.com/p/Ch-KIwHICWU/
2917813558709499061_3027765327,https://www.instagram.com/p/Ch-J_jvsrS1/
2917813532100838163_621799674,https://www.instagram.com/p/Ch-J_K9ssMT/
2917812959737677947_249601149,https://www.instagram.com/p/Ch-J216Mgh7/
2917812767462379472_481777763,https://www.instagram.com/p/Ch-J0C1sc_Q/
2917812156209824754_7559142751,https://www.instagram.com/p/Ch-JrJkNAPy/
2917812116825151551_31067637713,https://www.instagram.com/p/Ch-Jqk4sZg_/
2917812031530083948_13142868300,https://www.instagram.com/p/Ch-JpVctiZs/
2917811355844333134_8546495982,https://www.instagram.com/p/Ch-JfgKs85O/
2917811330484458075_7072537484,https://www.instagram.com/p/Ch-JfIjItJb/
2917810792506659607_5986603375,https://www.instagram.com/p/Ch-JXThKRMX/
2917810762643195331_1634417432,https://www.instagram.com/p/Ch-JW3tKMXD/
2917810585148242297_2922901943,https://www.instagram.com/p/Ch-JUSZorl5/
2917809948587187334_518983570,https://www.instagram.com/p/Ch-JLBjo9yG/
2917809742295017587_5053698845,https://www.instagram.com/p/Ch-JIBbqyhz/
2917809400056395251_1433844179,https://www.instagram.com/p/Ch-JDCsqDXz/
2917808856173463855_3909948534,https://www.instagram.com/p/Ch-I7IKtUkv/
2917808100284537585_8720216241,https://www.instagram.com/p/Ch-IwIMN5rx/
2917808094529806321_203814050,https://www.instagram.com/p/Ch-IwC1NV_x/
2917807737778975382_8336089513,https://www.instagram.com/p/Ch-Iq2lM7KW/
2917807299934874908_227079721,https://www.instagram.com/p/Ch-IkezqO0c/
2917807123162679053_4168318721,https://www.instagram.com/p/Ch-Ih6LN0cN/
2917806995141307033_1464065833,https://www.instagram.com/p/Ch-IgC8jCqZ/
2917806921148231696_1275108972,https://www.instagram.com/p/Ch-Ie-CN3AQ/
2917806115271461708_1074611189,https://www.instagram.com/p/Ch-ITPgN8tM/
2917806061388687724_7001976381,https://www.instagram.com/p/Ch-ISdUjels/
2917805719018558859_5925721300,https://www.instagram.com/p/Ch-INedtFWL/
2917805489900733823_45236656141,https://www.instagram.com/p/Ch-IKJFN8V_/
2917805167911882704_6845266565,https://www.instagram.com/p/Ch-IFdNL8_Q/
2917804850260877876_537743153,https://www.instagram.com/p/Ch-IA1XtiI0/
2917804497687413917_4547978030,https://www.instagram.com/p/Ch-H7tAsgSd/
2917804232733331832_7050182079,https://www.instagram.com/p/Ch-H32QM5F4/
2917803941338362008_2370220404,https://www.instagram.com/p/Ch-Hzm3tTCY/
2917436631104041407_2248794958,https://www.instagram.com/p/Ch80SijqzG_/
2917353265025282546_840069268,https://www.instagram.com/p/Ch8hVZ2KHHy/
2917319128675750521_17931363407,https://www.instagram.com/p/Ch8Zkp5K5J5/
2917764853553851478_2246524364,https://www.instagram.com/p/Ch9-6ziMmxW/
2917760059094210679_8075326664,https://www.instagram.com/p/Ch991CWIhh3/
2917699026712356857_12770908127,https://www.instagram.com/p/Ch9v85gsWf5/
2917698497609267750_5902125468,https://www.instagram.com/p/Ch9v1MvsPom/
2917698302951037254_8467587468,https://www.instagram.com/p/Ch9vyXdKBlG/
2917698307146160926_301242428,https://www.instagram.com/p/Ch9vybXNJse/
2917698045539173014_17596769419,https://www.instagram.com/p/Ch9vunuNsKW/
2917697934549192860_9402185003,https://www.instagram.com/p/Ch9vtAWshCc/
2917696376625667987_6278131085,https://www.instagram.com/p/Ch9vWVbN5-T/
2917695326153649506_2091331675,https://www.instagram.com/p/Ch9vHDGNK1i/
2917694700774290373_3106479149,https://www.instagram.com/p/Ch9u98qsPPF/
2917693910542595022_3675184359,https://www.instagram.com/p/Ch9uyctNjPO/
2917690776365375598_4547978030,https://www.instagram.com/p/Ch9uE1xsSBu/
2917690367503499599_851170015,https://www.instagram.com/p/Ch9t-4_oAFP/
2917690306342910155_6233410221,https://www.instagram.com/p/Ch9t-ACK3jL/
2917690025098508718_8739725081,https://www.instagram.com/p/Ch9t56Gsnmu/
2917689812615339644_8080926547,https://www.instagram.com/p/Ch9t20Ntp58/
2917689337668352368_8179413851,https://www.instagram.com/p/Ch9tv54qrlw/
2917689200825401427_5963548226,https://www.instagram.com/p/Ch9tt6cMQBT/
2917688591214645909_1475942670,https://www.instagram.com/p/Ch9tlCsjxKV/
2917688364674186224_11703728866,https://www.instagram.com/p/Ch9thvtsfvw/
2917687695842431565_44752405477,https://www.instagram.com/p/Ch9tYA0N1JN/
2917687173181341907_11168871461,https://www.instagram.com/p/Ch9tQaDMADT/
2917687011909557820_1113113626,https://www.instagram.com/p/Ch9tOD2o948/
2917686502017642663_8080926547,https://www.instagram.com/p/Ch9tGo-trCn/
2917685976806844667_7032378941,https://www.instagram.com/p/Ch9s-_1tej7/
2917685093729501001_4058342106,https://www.instagram.com/p/Ch9syJaMv9J/
2917684171804640004_45421586,https://www.instagram.com/p/Ch9skuzMgME/
2917684125642431133_199997970,https://www.instagram.com/p/Ch9skDztpqd/
2917682398285157311_2756959911,https://www.instagram.com/p/Ch9sK7FMlO_/
2917681269992227735_2903657010,https://www.instagram.com/p/Ch9r6gRsoOX/
2917680900163530813_4373713715,https://www.instagram.com/p/Ch9r1H2MHA9/
2917680346490374940_1394181509,https://www.instagram.com/p/Ch9rtEMsosc/
2917680265582101401_11395639355,https://www.instagram.com/p/Ch9rr42MEOZ/
2917679704089592059_2207302837,https://www.instagram.com/p/Ch9rjt6oID7/
2917679255317240602_557318276,https://www.instagram.com/p/Ch9rdL9tdsa/
2917594818977856338_8189399269,https://www.instagram.com/p/Ch9YQefsftS/
2917594596201638398_8189399269,https://www.instagram.com/p/Ch9YNPBMqn-/
2917593287553402228_17580040530,https://www.instagram.com/p/Ch9X6MPr0V0/
2917592761101678702_54977225372,https://www.instagram.com/p/Ch9Xyh8t3hu/
2917591978829971703_21553783051,https://www.instagram.com/p/Ch9XnJZsID3/
2917590177275984907_8536937720,https://www.instagram.com/p/Ch9XM7ktDwL/
2917586484769498939_7762053778,https://www.instagram.com/p/Ch9WXMqKqc7/
2917586181236487688_3612959816,https://www.instagram.com/p/Ch9WSx-MHYI/
2917585984288820586_47192509125,https://www.instagram.com/p/Ch9WP6jMY1q/
2917585952638320779_7063044743,https://www.instagram.com/p/Ch9WPdErUCL/
2917585827036074535_5902125468,https://www.instagram.com/p/Ch9WNoGMxIn/
2917584918247770299_5824607335,https://www.instagram.com/p/Ch9WAZuMgi7/
2917584191500824569_2343540721,https://www.instagram.com/p/Ch9V104s6_5/
2917582900845629786_32349908749,https://www.instagram.com/p/Ch9VjC3qFFa/
2917582552559483280_8179413851,https://www.instagram.com/p/Ch9Vd-gL3mQ/
2917582524231680888_16561198532,https://www.instagram.com/p/Ch9VdkHt4N4/
2917582175852002959_7870645617,https://www.instagram.com/p/Ch9VYfqq36P/
2917582162194779585_7056792801,https://www.instagram.com/p/Ch9VYS8os3B/
2917581671620991325_19106908,https://www.instagram.com/p/Ch9VRKEKNld/
2917581440598273006_3868180,https://www.instagram.com/p/Ch9VNy6Ievu/
2917581376358218330_4546639604,https://www.instagram.com/p/Ch9VM3FIHpa/
2917581287533046735_7921543907,https://www.instagram.com/tv/Ch9VLkWu-vP/
2917581291633796129_1275108972,https://www.instagram.com/p/Ch9VLoLKGQh/
2917581245715449959_15026478731,https://www.instagram.com/p/Ch9VK9aNghn/
2917581008988309825_5678718283,https://www.instagram.com/p/Ch9VHg8LIlB/
2917580521115357447_13109224213,https://www.instagram.com/p/Ch9VAakrhEH/
2917580128863993197_4836109757,https://www.instagram.com/p/Ch9U6tQrT1t/
2917580009359219193_12766861558,https://www.instagram.com/p/Ch9U499oxn5/
2917579792632162010_276272006,https://www.instagram.com/p/Ch9U10Hsqba/
2917579231744379909_1773857444,https://www.instagram.com/p/Ch9UtpwLkwF/
2917578675635558903_2250637449,https://www.instagram.com/p/Ch9Ulj1gxn3/
2917578043833726651_7079646379,https://www.instagram.com/p/Ch9UcXbMDa7/
2917577356471527952_6258227949,https://www.instagram.com/p/Ch9USXRNWoQ/
2917577248099207987_1977725305,https://www.instagram.com/p/Ch9UQyVtwsz/
2917577025809091752_5678718283,https://www.instagram.com/p/Ch9UNjUMQyo/
2917576946670076548_35668954261,https://www.instagram.com/p/Ch9UMZnI4KE/
2917576648950971998_5694927988,https://www.instagram.com/p/Ch9UIEVsn5e/
2917576533448098656_1383314512,https://www.instagram.com/p/Ch9UGYxMINg/
2917573710992367155_8159293265,https://www.instagram.com/p/Ch9TdUJt94z/
2917572700332680994_6858690677,https://www.instagram.com/p/Ch9TOm5tOci/
2917571973937374504_6743296955,https://www.instagram.com/p/Ch9TECZLCUo/
2917570943170928308_28127797213,https://www.instagram.com/tv/Ch9S1CatF60/
2917567454105520594_8922175819,https://www.instagram.com/p/Ch9SCQ-M0nS/
2917566117715350412_231886621,https://www.instagram.com/p/Ch9Ru0XI5OM/
2917566011189304324_621799674,https://www.instagram.com/p/Ch9RtRJsRwE/
2917563956794288977_5925721300,https://www.instagram.com/p/Ch9RPX2NOtR/
2917563618857877718_1245543114,https://www.instagram.com/p/Ch9RKdHoIDW/
2917563037973202027_1590736711,https://www.instagram.com/p/Ch9RCAIM8Rr/
2917559028528860874_6921892607,https://www.instagram.com/p/Ch9QHqCsk7K/
2917558592320236408_5367372398,https://www.instagram.com/p/Ch9QBTyout4/
2917558352700598138_1430962871,https://www.instagram.com/p/Ch9P90oMWd6/
2917557774574605983_1822169126,https://www.instagram.com/p/Ch9P1aNMtaf/
2917557061475185783_36739726863,https://www.instagram.com/p/Ch9PrCFKTR3/
2917557061475185783_36739726863,https://www.instagram.com/p/Ch9PrCFKTR3/
2917556959067890412_45276604130,https://www.instagram.com/p/Ch9PpitNeLs/
2917555952610292735_5053698845,https://www.instagram.com/p/Ch9Pa5XqbP_/
2917554450563498750_8230499285,https://www.instagram.com/p/Ch9PFCesoL-/
2917553531624391242_1070630740,https://www.instagram.com/p/Ch9O3qpqIJK/
2917553154263358711_5678718283,https://www.instagram.com/p/Ch9OyLNMBz3/
2917553103168379036_49768269203,https://www.instagram.com/p/Ch9OxbnsJic/
2917552840621806278_30646496062,https://www.instagram.com/p/Ch9OtnGsdLG/
2917551623703367889_54325147171,https://www.instagram.com/p/Ch9Ob5wtBDR/
2917551314029596168_1130667763,https://www.instagram.com/p/Ch9OXZWtU4I/
2917551188745823668_3022766386,https://www.instagram.com/p/Ch9OVkrNqW0/
2917551149042887196_7057808919,https://www.instagram.com/p/Ch9OU_su-oc/
2917551142449337611_9277194578,https://www.instagram.com/p/Ch9OU5julUL/
2917551137843943853_8209465484,https://www.instagram.com/p/Ch9OU1ROZmt/
2917551040669158077_12568225035,https://www.instagram.com/p/Ch9OTaxKAq9/
2917550998802165712_43733613,https://www.instagram.com/p/Ch9OSzxsG_Q/
2917550669448937676_1448135091,https://www.instagram.com/p/Ch9OOBCtQDM/
2917550400048880740_10598304331,https://www.instagram.com/p/Ch9OKGJNlxk/
2917549730990024984_13109279208,https://www.instagram.com/p/Ch9OAXCMmkY/
2917549444628114418_6927796317,https://www.instagram.com/p/Ch9N8MVsmvy/
2917549375673654441_42551197257,https://www.instagram.com/p/Ch9N7MHsNyp/
2917548548934650011_2137360994,https://www.instagram.com/p/Ch9NvKKNMib/
2917547913480811188_12047487046,https://www.instagram.com/p/Ch9Nl6WNLK0/
2917547561083699943_8720216241,https://www.instagram.com/p/Ch9NgyJs4Ln/
2917546962254445695_5348454090,https://www.instagram.com/p/Ch9NYEcsjx_/
2917546521248559417_7263755241,https://www.instagram.com/p/Ch9NRpusnE5/
2917546170328273839_50851090385,https://www.instagram.com/p/Ch9NMi6N9Ov/
2917545635442685322_11583497021,https://www.instagram.com/p/Ch9NEwwjXWK/
2917545619783878158_8659984095,https://www.instagram.com/p/Ch9NEiLNwYO/
2917545593459129955_1680308955,https://www.instagram.com/p/Ch9NEJqIz5j/
2917545081604037501_8019591486,https://www.instagram.com/p/Ch9M8s9Mlt9/
2917544733225305958_8659984095,https://www.instagram.com/p/Ch9M3ogNMdm/
2917544339354851822_1810874668,https://www.instagram.com/p/Ch9Mx5rspnu/
2917542910967830485_13717594118,https://www.instagram.com/p/Ch9MdHZMlfV/
2917542452487825582_218197749,https://www.instagram.com/p/Ch9MWcZqKiu/
2917541957451084114_15657810129,https://www.instagram.com/p/Ch9MPPXK3FS/
2917541781584540322_8659984095,https://www.instagram.com/p/Ch9MMrktPKi/
2917541776508164952_5658806102,https://www.instagram.com/p/Ch9MMm2IZtY/
2917540916710142172_1407497244,https://www.instagram.com/p/Ch9MAGGLPDc/
2917540835785921771_8659984095,https://www.instagram.com/p/Ch9L-6ut1Tr/
2917540706701783227_245290882,https://www.instagram.com/p/Ch9L9Cgs7C7/
2917539161276992837_8659984095,https://www.instagram.com/p/Ch9LmjONM1F/
2917539092758633908_7974013465,https://www.instagram.com/p/Ch9LljaMZ20/
2917538950495838844_345532547,https://www.instagram.com/p/Ch9Lje6q6J8/
2917538089775098991_8659984095,https://www.instagram.com/p/Ch9LW9Tt2xv/
2917537516942127563_2137360994,https://www.instagram.com/p/Ch9LOn0NfHL/
2917537442753364014_203814050,https://www.instagram.com/p/Ch9LNiuN0Au/
2917536750986676154_8659984095,https://www.instagram.com/p/Ch9LDedtUe6/
2917536019936381091_2990809420,https://www.instagram.com/p/Ch9K41ntwij/
2917535958330269744_1275108972,https://www.instagram.com/p/Ch9K38PtGAw/
2917535475078140198_7072537484,https://www.instagram.com/p/Ch9Kw6LohEm/
2917534066900222436_4337706191,https://www.instagram.com/p/Ch9KcatsEHk/
2917533662175079668_45239925973,https://www.instagram.com/p/Ch9KWhyMKz0/
2917533011504683379_8659984095,https://www.instagram.com/p/Ch9KNDzNllz/
2917532403665387922_45430213968,https://www.instagram.com/p/Ch9KENtKsGS/
2917530961337102617_11703728866,https://www.instagram.com/p/Ch9JvObs7EZ/
2917530879481119499_8159293265,https://www.instagram.com/p/Ch9JuCMtIML/
2917530157523701288_51797214796,https://www.instagram.com/p/Ch9Jjh0sI4o/
2917529521289285696_2374006886,https://www.instagram.com/p/Ch9JaRSKdBA/
2917528572194635238_8659984095,https://www.instagram.com/p/Ch9JMdXtr3m/
2917527682204947694_8230499285,https://www.instagram.com/p/Ch9I_ggMdTu/
2917527564932536432_44816859498,https://www.instagram.com/p/Ch9I9zSNthw/
2917527462708573480_13007364786,https://www.instagram.com/p/Ch9I8UFMPUo/
2917527141718101514_7033368169,https://www.instagram.com/p/Ch9I3pIqw4K/
2917525201039281859_4197202403,https://www.instagram.com/p/Ch9IbZvMk7D/
2917524259912839179_4095845828,https://www.instagram.com/p/Ch9INtPsHAL/
2917522573022784619_32114713160,https://www.instagram.com/p/Ch9H1KNNOxr/
2917522005180893912_6901130209,https://www.instagram.com/p/Ch9Hs5XMUrY/
2917521957559364013_8209465484,https://www.instagram.com/p/Ch9HsNAummt/
2917521939725246403_7057808919,https://www.instagram.com/p/Ch9Hr8Zu1_D/
2917521930203730875_276272006,https://www.instagram.com/p/Ch9HrziNJO7/
2917521580280516374_1275108972,https://www.instagram.com/p/Ch9HmtpKA8W/
2917521464200211185_2044652999,https://www.instagram.com/p/Ch9HlBiOyrx/
2917520877525125838_2294232503,https://www.instagram.com/tv/Ch9HcfJq8rO/
2917520935927195880_48760762173,https://www.instagram.com/p/Ch9HdVitKjo/
2917520834802406118_8665833806,https://www.instagram.com/p/Ch9Hb3XMtLm/
2917520688823272439_5986603375,https://www.instagram.com/p/Ch9HZvaKgP3/
2917520486205726781_1476841010,https://www.instagram.com/p/Ch9HWytN6A9/
2917520309172310291_11803380331,https://www.instagram.com/p/Ch9HUN1NBET/
2917519822336289033_3117312829,https://www.instagram.com/p/Ch9HNIbg-kJ/
2917518964737812286_8467587468,https://www.instagram.com/p/Ch9HApuqac-/
2917518617844536835_344987949,https://www.instagram.com/p/Ch9G7mqNlYD/
2917518534721467076_4175112014,https://www.instagram.com/p/Ch9G6ZPsPLE/
2917518135691694311_1383314512,https://www.instagram.com/p/Ch9G0lnqdDn/
2917516424500446943_6278131085,https://www.instagram.com/p/Ch9Gbr8t4bf/
2917515805073956725_44487173339,https://www.instagram.com/p/Ch9GSrEBV91/
2917515944495762700_44752405477,https://www.instagram.com/p/Ch9GUs6NU0M/
2917514841460095257_32349908749,https://www.instagram.com/p/Ch9GEpoKLkZ/
2917513075700081760_4175166218,https://www.instagram.com/p/Ch9Fq9IqSRg/
2917511552883094106_5678718283,https://www.instagram.com/p/Ch9FUy5sfJa/
2917511354434129389_5490160543,https://www.instagram.com/p/Ch9FR6FNw3t/
2917507958851440311_1977725305,https://www.instagram.com/p/Ch9Egfstw63/
2917506987826767118_2086492276,https://www.instagram.com/p/Ch9ESXXImUO/
2917506677012031384_6071099540,https://www.instagram.com/p/Ch9EN15IeeY/
2917506009431024406_9003799328,https://www.instagram.com/p/Ch9EEIKNCMW/
2917505718413625381_3926211089,https://www.instagram.com/p/Ch9D_5INwgl/
2917503977592582447_3438738085,https://www.instagram.com/p/Ch9Dmj3MfEv/
2917503728232758006_26551945510,https://www.instagram.com/p/Ch9Di7oMPr2/
2917503728232758006_26551945510,https://www.instagram.com/p/Ch9Di7oMPr2/
2917501640476130534_2503377571,https://www.instagram.com/tv/Ch9DEjQMvzm/
2917501081701517673_5497389568,https://www.instagram.com/p/Ch9C8a2owlp/
2917500616210356251_3110427254,https://www.instagram.com/p/Ch9C1pVM5gb/
2917500243957693942_54977225372,https://www.instagram.com/p/Ch9CwOpNr32/
2917499841881921710_1434879089,https://www.instagram.com/tv/Ch9CqYLoViu/
2917498914237320806_3909948534,https://www.instagram.com/p/Ch9Cc4PtA5m/
2917498171188639342_4022130340,https://www.instagram.com/p/Ch9CSEOjPZu/
2917497452890809071_1634417432,https://www.instagram.com/p/Ch9CHnQqeLv/
2917495691032234043_345532547,https://www.instagram.com/p/Ch9Bt-ZtYg7/
2917494402356781718_24710731,https://www.instagram.com/p/Ch9BbOOqqKW/
2917492003727622385_30646496062,https://www.instagram.com/p/Ch9A4UVOkDx/
2917491788531658810_26468200713,https://www.instagram.com/p/Ch9A1L6jHA6/
2917490763547258703_1476841010,https://www.instagram.com/p/Ch9AmRUt69P/
2917490660426445107_242295967,https://www.instagram.com/p/Ch9AkxSPPEz/
2917490164038572397_6258227949,https://www.instagram.com/p/Ch9Adi_Nxlt/
2917488529300238940_1098322962,https://www.instagram.com/p/Ch9AFwhN7Jc/
2917484667059038171_2815781063,https://www.instagram.com/p/Ch8_Njhs-fb/
2917482307788230620_1444658229,https://www.instagram.com/p/Ch8-rOSNE_c/
2917478358633057778_280541869,https://www.instagram.com/p/Ch89xwWNo3y/
2917475682356686605_9714927369,https://www.instagram.com/p/Ch89Kz3te8N/
2917473547321506865_472002434,https://www.instagram.com/p/Ch88rvdsnwx/
2917460925117434166_1476841010,https://www.instagram.com/p/Ch850EHtQk2/
2917460530475320091_47309407086,https://www.instagram.com/p/Ch85uUlNEMb/
2917458881272556043_6901130209,https://www.instagram.com/p/Ch85WUpDyoL/
2917458268133538904_766254698,https://www.instagram.com/p/Ch85NZnIDxY/
2917451967500956313_11330283418,https://www.instagram.com/p/Ch83xtsKLKZ/
2917451252135475820_11168871461,https://www.instagram.com/p/Ch83nTdDbps/
2917450646059764122_1724833164,https://www.instagram.com/p/Ch83efAIEma/
2917908882597633614_2313101809,https://www.instagram.com/p/Ch-fqtCMF5O/
2917875552787627428_5343594263,https://www.instagram.com/p/Ch-YFsOs_2k/
2917864027543745620_2313101809,https://www.instagram.com/p/Ch-Vd-gorRU/
2917817228977328992_903506131,https://www.instagram.com/p/Ch-K098tVNg/
2917616733738192891_29994362,https://www.instagram.com/p/Ch9dPYNM0_7/
2917616379881728625_40295768329,https://www.instagram.com/p/Ch9dKOptipx/
2917616157356485624_8154897366,https://www.instagram.com/p/Ch9dG_aLGv4/
2917615822784460106_3195842055,https://www.instagram.com/p/Ch9dCH0IHVK/
2917615560356465527_1444658229,https://www.instagram.com/p/Ch9c-TaMwt3/
2917615251387309467_5823377878,https://www.instagram.com/p/Ch9c5zqM92b/
2917614657993960163_27315252377,https://www.instagram.com/p/Ch9cxLBM-rj/
2917613918445432100_7588503381,https://www.instagram.com/p/Ch9cmaQrO0k/
2917613792331387186_8917013860,https://www.instagram.com/p/Ch9ckkzsVEy/
2917613183058660275_5556703925,https://www.instagram.com/p/Ch9cbtYNUuz/
2917612303210321497_1598914394,https://www.instagram.com/p/Ch9cO59KRZZ/
2917611796504275845_1275108972,https://www.instagram.com/p/Ch9cHiDIGuF/
2917611658201932365_1653324253,https://www.instagram.com/p/Ch9cFhPqiJN/
2917611458829262578_216427527,https://www.instagram.com/p/Ch9cCnkIJ7y/
2917611448621614995_47309407086,https://www.instagram.com/p/Ch9cCeDtEeT/
2917610855211425804_9523822583,https://www.instagram.com/p/Ch9b51Zs2AM/
2917610684897444515_45421586,https://www.instagram.com/p/Ch9b3WyMkKj/
2917607452086257567_35668954261,https://www.instagram.com/p/Ch9bIT_okef/
2917607236969720458_283585351,https://www.instagram.com/p/Ch9bFLpsGqK/
2917607229890194501_9389648119,https://www.instagram.com/p/Ch9bFFDt2xF/
2917606701676081757_621799674,https://www.instagram.com/p/Ch9a9ZHs7Jd/
2917605121110068692_2148351713,https://www.instagram.com/p/Ch9amZGoE3U/
2917604217272592194_8665833806,https://www.instagram.com/p/Ch9aZPVtudC/
2917603832663141160_702510203,https://www.instagram.com/p/Ch9aTpJNGso/
2917603050945679977_7086704330,https://www.instagram.com/p/Ch9aIRHNpJp/
2917602949627714614_8720216241,https://www.instagram.com/p/Ch9aGywMRw2/
2917602433527064279_12343491909,https://www.instagram.com/p/Ch9Z_SGMibX/
2917602001672513530_1634417432,https://www.instagram.com/p/Ch9Z4_5qKf6/
2917601977715242187_5531541015,https://www.instagram.com/p/Ch9Z4plsbTL/
2917601798341777765_51797214796,https://www.instagram.com/p/Ch9Z2CiM9ll/
2917601763118163945_1970263556,https://www.instagram.com/p/Ch9Z1hutifp/
2917601739520729466_3017751151,https://www.instagram.com/p/Ch9Z1LwMeF6/
2917601648898727725_275652261,https://www.instagram.com/p/Ch9Zz3Ws98t/
2917601421399497884_3143486410,https://www.instagram.com/p/Ch9ZwjesRyc/
2917601044583071244_6845266565,https://www.instagram.com/p/Ch9ZrEirr4M/
2917600399407219216_54977225372,https://www.instagram.com/p/Ch9ZhrrNIIQ/
2917600265944545033_48516352924,https://www.instagram.com/p/Ch9ZfvYNbcJ/
2917599384645510354_1625965020,https://www.instagram.com/p/Ch9ZS6msaTS/
2917599092217512397_3016292481,https://www.instagram.com/p/Ch9ZOqQoIHN/
2917599022551307668_6235197414,https://www.instagram.com/p/Ch9ZNpYMpWU/
2917598547787351238_1005483120,https://www.instagram.com/tv/Ch9ZGvOD4TG/
2917596825247735687_1494235267,https://www.instagram.com/p/Ch9Ytq-st-H/
2917596401657116994_7057808919,https://www.instagram.com/p/Ch9YngeuvlC/
2917596396724641621_8209465484,https://www.instagram.com/p/Ch9Ynb4u19V/
2917596386272442856_9277194578,https://www.instagram.com/p/Ch9YnSJu3no/
2917595843931298787_8370893187,https://www.instagram.com/p/Ch9YfZDrlvj/
2917595700243008049_4732010297,https://www.instagram.com/p/Ch9YdTPMQox/
2917595154723776255_12283543380,https://www.instagram.com/p/Ch9YVXLtib_/
2917540946263601153_12905799498,https://www.instagram.com/p/Ch9MAhnsvAB/
2917677974360107775_3909948534,https://www.instagram.com/p/Ch9rKi-tyr_/
2917677747447171468_16210375158,https://www.instagram.com/p/Ch9rHPppomM/
2917677371847989404_10507538427,https://www.instagram.com/p/Ch9rBx2Mdic/
2917677328588154930_2295410513,https://www.instagram.com/p/Ch9rBJjtSgy/
2917676369996793706_2085334228,https://www.instagram.com/p/Ch9qzMzNcdq/
2917676053611704294_50339340,https://www.instagram.com/p/Ch9qumJMG_m/
2917675454497390661_5970182500,https://www.instagram.com/p/Ch9ql4LMYBF/
2917674964669812688_5970182500,https://www.instagram.com/p/Ch9qev_Mc_Q/
2917674638864937444_344987949,https://www.instagram.com/p/Ch9qaAjtfHk/
2917674544750600544_5398893228,https://www.instagram.com/p/Ch9qYo6DyFg/
2917673492745996872_43489514,https://www.instagram.com/p/Ch9qJVJsspI/
2917673115711901068_19768471310,https://www.instagram.com/p/Ch9qD2Atw2M/
2917672954381991003_3055151970,https://www.instagram.com/p/Ch9qBfws_xb/
2917672924476692515_30646496062,https://www.instagram.com/p/Ch9qBD6NVgj/
2917672314859513869_46710281886,https://www.instagram.com/p/Ch9p4MKMWgN/
2917672126526044927_10623368202,https://www.instagram.com/p/Ch9p1cwpLr_/
2917672034151950439_12283543380,https://www.instagram.com/p/Ch9p0Gut-hn/
2917672001603797189_1275108972,https://www.instagram.com/p/Ch9pzoasoDF/
2917670971642122465_12742668706,https://www.instagram.com/p/Ch9pkpMMpDh/
2917669997908653557_144071106,https://www.instagram.com/p/Ch9pWeVKPX1/
2917668840758356661_757858819,https://www.instagram.com/p/Ch9pFopoKq1/
2917667463693411973_5053698845,https://www.instagram.com/p/Ch9oxmKKSaF/
2917666480825941075_5970182500,https://www.instagram.com/p/Ch9ojSysbxT/
2917662005864344884_3017751151,https://www.instagram.com/p/Ch9niLKMq00/
2917661789203460514_1590140602,https://www.instagram.com/p/Ch9nfBYM_Gi/
2917661726406460666_1691469415,https://www.instagram.com/p/Ch9neG5NcT6/
2917660822114156524_3314151250,https://www.instagram.com/p/Ch9nQ8tMD_s/
2917660688106305860_23836209778,https://www.instagram.com/p/Ch9nO_5srlE/
2917660248795166491_145135492,https://www.instagram.com/p/Ch9nImwtrcb/
2917659521796206742_8275788154,https://www.instagram.com/p/Ch9m-BsMvCW/
2917659325762148703_13109224213,https://www.instagram.com/p/Ch9m7LHqJlf/
2917658804048911398_380054405,https://www.instagram.com/p/Ch9mzlPIFwm/
2917658332090219220_7263755241,https://www.instagram.com/p/Ch9mstsMjrU/
2917656835848073521_1275108972,https://www.instagram.com/tv/Ch9mW8NNvEx/
2917655835414181481_5925721300,https://www.instagram.com/p/Ch9mIYetTZp/
2917655829315462423_1483691991,https://www.instagram.com/p/Ch9mISzMiUX/
2917655575124230614_18009131854,https://www.instagram.com/p/Ch9mEmEN8HW/
2917655520145179948_1383314512,https://www.instagram.com/p/Ch9mDy3NgUs/
2917654537661603275_2086492276,https://www.instagram.com/p/Ch9l1f2oF3L/
2917654398730685905_2230965972,https://www.instagram.com/p/Ch9lzedss3R/
2917653847641199703_45276604130,https://www.instagram.com/p/Ch9lrdONJRX/
2917653361654247937_30049907813,https://www.instagram.com/p/Ch9lkYnIDIB/
2917651066029222540_19768471310,https://www.instagram.com/tv/Ch9lC-pNiqM/
2917649772705928581_7056792801,https://www.instagram.com/p/Ch9kwKJItWF/
2917649273727411879_1824609200,https://www.instagram.com/p/Ch9ko5bsuan/
2917649244594299846_7057808919,https://www.instagram.com/p/Ch9koeTOuPG/
2917649229394135355_9277194578,https://www.instagram.com/p/Ch9koQJOsk7/
2917649217565734004_8209465484,https://www.instagram.com/p/Ch9koFIM7R0/
2917649131549103395_1977725305,https://www.instagram.com/p/Ch9km1BNhUj/
2917648905727860727_39535258622,https://www.instagram.com/p/Ch9kjitN1_3/
2917648806036345556_5497389568,https://www.instagram.com/p/Ch9kiF3I5LU/
2917647606751604885_12665635737,https://www.instagram.com/p/Ch9kQo8MrCV/
2917647448567030745_1755732824,https://www.instagram.com/p/Ch9kOVnqaPZ/
2917645992036696371_5743671419,https://www.instagram.com/p/Ch9j5JHsIEz/
2917645273006765885_32349908749,https://www.instagram.com/p/Ch9jureKnc9/
2917645251616298774_8720216241,https://www.instagram.com/p/Ch9juXjMdcW/
2917644761486890908_3629246830,https://www.instagram.com/p/Ch9jnPFNJec/
2917644054973037135_32685942700,https://www.instagram.com/p/Ch9jc9FsrpP/
2917643800647152246_13758812457,https://www.instagram.com/p/Ch9jZQOsbJ2/
2917643447190882576_3966172616,https://www.instagram.com/p/Ch9jUHDDwkQ/
2917642750896856376_8189399269,https://www.instagram.com/p/Ch9jJ-ks104/
2917642523304874631_2679046603,https://www.instagram.com/p/Ch9jGqnKVKH/
2917642214672376150_2292274149,https://www.instagram.com/p/Ch9jCLLOyFW/
2917642495614551065_276272006,https://www.instagram.com/p/Ch9jGQ0sIQZ/
2917642138411166765_2990809420,https://www.instagram.com/p/Ch9jBEJtWwt/
2917642123722248882_605588481,https://www.instagram.com/p/Ch9jA2eLlKy/
2917642011852375512_2233746539,https://www.instagram.com/p/Ch9i_OSN4XY/
2917641971888691553_328970278,https://www.instagram.com/p/Ch9i-pEMhlh/
2917641705164542797_6258227949,https://www.instagram.com/p/Ch9i6wqMpNN/
2917641800979233078_1275108972,https://www.instagram.com/p/Ch9i8J5Mrk2/
2917641666367545057_2223079925,https://www.instagram.com/p/Ch9i6Mht17h/
2917640712271982525_986775906,https://www.instagram.com/p/Ch9isT9MG-9/
2917640212848118623_3909948534,https://www.instagram.com/p/Ch9ilC1NQtf/
2917639771321998864_17580040530,https://www.instagram.com/p/Ch9ienoMx4Q/
2917639471468694311_48179885407,https://www.instagram.com/p/Ch9iaQXjMsn/
2917638058334536850_44443683213,https://www.instagram.com/p/Ch9iFsSMMSS/
2917637951169784180_13457728011,https://www.instagram.com/p/Ch9iEIerGl0/
2917637708395362376_8370893187,https://www.instagram.com/p/Ch9iAmYMLhI/
2917636643939776577_6144511913,https://www.instagram.com/p/Ch9hxHBsXhB/
2917636562897522609_1352917164,https://www.instagram.com/p/Ch9hv7jMs-x/
2917635969445672471_203814050,https://www.instagram.com/p/Ch9hnS2tjYX/
2917635546768707980_55633088,https://www.instagram.com/p/Ch9hhJNM5GM/
2917635277290581128_5865258941,https://www.instagram.com/p/Ch9hdOPDayI/
2917635056689313659_4983750140,https://www.instagram.com/p/Ch9haAyMXd7/
2917633725769574735_3231950573,https://www.instagram.com/p/Ch9hGpRMelP/
2917632470799697977_1433844179,https://www.instagram.com/p/Ch9g0YfKUg5/
2917632252796696981_226407332,https://www.instagram.com/p/Ch9gxNdK3mV/
2917631856711467368_16210375158,https://www.instagram.com/p/Ch9grckpoFo/
2917630964340711274_17596769419,https://www.instagram.com/p/Ch9gedfNV9q/
2917629659669027364_18009131854,https://www.instagram.com/p/Ch9gLeat1ok/
2917628883352730816_45794631866,https://www.instagram.com/p/Ch9gALaqLzA/
2917628255818319601_8370893187,https://www.instagram.com/p/Ch9f3C-sYbx/
2917627219490057720_4094059040,https://www.instagram.com/p/Ch9fn90ty34/
2917626421262742419_2038166574,https://www.instagram.com/p/Ch9fcWaqPOT/
2917625787325595563_7050998027,https://www.instagram.com/p/Ch9fTIBD7-r/
2917625785004435946_2011411198,https://www.instagram.com/p/Ch9fTF2tanq/
2917624991919576762_1415211449,https://www.instagram.com/p/Ch9fHjPKxa6/
2917623590057790032_8230499285,https://www.instagram.com/p/Ch9ezJpscpQ/
2917623347774813439_860577598,https://www.instagram.com/p/Ch9evoAgPT_/
2917623176314826401_2341411123,https://www.instagram.com/p/Ch9etIUsS6h/
2917623145486823354_1822169126,https://www.instagram.com/p/Ch9esrnMy-6/
2917623082429702729_1364193117,https://www.instagram.com/p/Ch9erw4s-JJ/
2917622780532148492_12519492563,https://www.instagram.com/p/Ch9enXuNMkM/
2917622760827400906_3612959816,https://www.instagram.com/p/Ch9enFXtjLK/
2917621481354595633_37025523,https://www.instagram.com/p/Ch9eUdxMI0x/
2917621387561949066_9714927369,https://www.instagram.com/p/Ch9eTGatleK/
2917620283550704908_518983570,https://www.instagram.com/p/Ch9eDCOg6UM/
2917618353099743487_476279747,https://www.instagram.com/p/Ch9dm8Wq6D_/
2917618175974744603_195774354,https://www.instagram.com/p/Ch9dkXZMqIb/
2917617734020443418_2374006886,https://www.instagram.com/p/Ch9dd7yqy0a/
2917653617038091403_5343594263,https://www.instagram.com/p/Ch9loGdMGSL/
2917652798226208777_5834354462,https://www.instagram.com/p/Ch9lcL4MpgJ/
2917651945130009317_18128525792,https://www.instagram.com/tv/Ch9lPxXs6Ll/
2917643695956175778_2313101809,https://www.instagram.com/p/Ch9jXuuoCui/
2917638354669417904_761830725,https://www.instagram.com/p/Ch9iKARIDWw/
2917633000582738204_209265521,https://www.instagram.com/p/Ch9g8F4sPEc/
